

good_ranked_features (1), len: 31, features: [29, 46, 147, 181, 198, 255, 282, 335, 344, 567, 580, 625, 634, 715, 947, 985, 1070, 1202, 1286, 1346, 1609, 1639, 1809, 1953, 1956, 2025, 2063, 2105, 2123, 2150, 2154]

good_ranked_features (2), len: 67, features: [23, 29, 31, 46, 147, 181, 195, 198, 255, 282, 329, 335, 344, 439, 542, 567, 580, 625, 634, 635, 715, 810, 947, 985, 987, 1024, 1040, 1070, 1202, 1254, 1256, 1274, 1286, 1311, 1346, 1565, 1603, 1609, 1624, 1639, 1744, 1769, 1804, 1809, 1830, 1872, 1891, 1940, 1953, 1956, 1970, 1984, 1993, 2011, 2021, 2022, 2025, 2063, 2067, 2070, 2092, 2103, 2104, 2105, 2123, 2150, 2154]

good_ranked_features (3), len: 117, features: [23, 29, 31, 46, 98, 105, 139, 147, 167, 181, 195, 198, 225, 240, 255, 282, 320, 325, 329, 335, 344, 345, 439, 491, 505, 513, 542, 560, 567, 580, 609, 625, 634, 635, 679, 715, 786, 787, 808, 810, 947, 978, 985, 987, 1024, 1036, 1040, 1051, 1070, 1140, 1199, 1202, 1219, 1254, 1255, 1256, 1274, 1286, 1311, 1340, 1346, 1418, 1434, 1447, 1517, 1564, 1565, 1581, 1583, 1584, 1603, 1609, 1623, 1624, 1631, 1639, 1644, 1645, 1731, 1744, 1769, 1804, 1809, 1830, 1833, 1838, 1872, 1891, 1920, 1939, 1940, 1953, 1956, 1970, 1984, 1992, 1993, 2011, 2018, 2021, 2022, 2025, 2062, 2063, 2067, 2070, 2078, 2080, 2087, 2092, 2093, 2103, 2104, 2105, 2123, 2150, 2154]

good_ranked_features (4), len: 167, features: [23, 29, 31, 46, 49, 53, 58, 91, 96, 98, 105, 106, 133, 139, 147, 167, 181, 195, 198, 199, 225, 240, 255, 272, 282, 285, 320, 325, 329, 335, 340, 344, 345, 379, 439, 443, 491, 505, 513, 516, 542, 560, 567, 580, 586, 609, 610, 625, 634, 635, 643, 679, 715, 786, 787, 808, 810, 896, 917, 945, 947, 952, 955, 974, 978, 985, 987, 1024, 1036, 1040, 1047, 1051, 1070, 1140, 1158, 1199, 1202, 1219, 1254, 1255, 1256, 1274, 1286, 1311, 1340, 1341, 1344, 1346, 1403, 1418, 1421, 1422, 1434, 1447, 1517, 1539, 1564, 1565, 1581, 1583, 1584, 1603, 1609, 1612, 1623, 1624, 1631, 1637, 1638, 1639, 1644, 1645, 1731, 1744, 1746, 1769, 1804, 1809, 1830, 1833, 1838, 1872, 1890, 1891, 1916, 1920, 1923, 1936, 1939, 1940, 1953, 1956, 1970, 1974, 1979, 1984, 1989, 1992, 1993, 1998, 2011, 2017, 2018, 2021, 2022, 2025, 2059, 2062, 2063, 2067, 2070, 2078, 2080, 2086, 2087, 2092, 2093, 2095, 2103, 2104, 2105, 2108, 2123, 2146, 2149, 2150, 2154]

good_ranked_features (5), len: 217, features: [23, 29, 31, 46, 49, 53, 55, 58, 59, 91, 96, 98, 105, 106, 122, 133, 136, 139, 147, 167, 181, 195, 198, 199, 225, 240, 244, 246, 255, 272, 282, 285, 289, 320, 325, 329, 332, 334, 335, 340, 344, 345, 379, 439, 443, 453, 456, 459, 491, 505, 513, 514, 516, 537, 542, 551, 560, 567, 580, 586, 609, 610, 625, 631, 632, 634, 635, 642, 643, 679, 715, 718, 736, 786, 787, 808, 810, 896, 917, 928, 929, 945, 947, 952, 955, 974, 978, 985, 987, 1024, 1036, 1040, 1047, 1051, 1070, 1140, 1158, 1161, 1168, 1199, 1202, 1219, 1221, 1254, 1255, 1256, 1274, 1286, 1295, 1311, 1340, 1341, 1344, 1346, 1354, 1403, 1412, 1416, 1418, 1421, 1422, 1434, 1436, 1447, 1468, 1470, 1517, 1520, 1539, 1564, 1565, 1581, 1583, 1584, 1603, 1609, 1612, 1623, 1624, 1631, 1635, 1637, 1638, 1639, 1640, 1644, 1645, 1682, 1716, 1717, 1731, 1744, 1746, 1752, 1769, 1804, 1809, 1810, 1830, 1833, 1838, 1872, 1890, 1891, 1911, 1916, 1917, 1920, 1923, 1929, 1936, 1939, 1940, 1953, 1956, 1970, 1974, 1979, 1984, 1987, 1989, 1992, 1993, 1998, 2004, 2011, 2017, 2018, 2019, 2021, 2022, 2025, 2046, 2059, 2062, 2063, 2067, 2070, 2078, 2080, 2086, 2087, 2092, 2093, 2095, 2102, 2103, 2104, 2105, 2108, 2112, 2113, 2123, 2146, 2149, 2150, 2154]

good_ranked_features (6), len: 267, features: [13, 22, 23, 29, 30, 31, 46, 49, 53, 55, 58, 59, 73, 91, 96, 98, 100, 105, 106, 122, 123, 133, 136, 139, 147, 167, 181, 195, 197, 198, 199, 203, 219, 225, 240, 244, 246, 255, 260, 272, 282, 285, 289, 319, 320, 325, 329, 332, 334, 335, 340, 344, 345, 348, 379, 380, 439, 443, 453, 454, 456, 459, 491, 505, 513, 514, 515, 516, 535, 537, 542, 551, 560, 567, 580, 586, 587, 609, 610, 625, 631, 632, 634, 635, 642, 643, 679, 685, 715, 718, 736, 786, 787, 808, 810, 824, 896, 917, 928, 929, 945, 947, 952, 955, 956, 974, 978, 985, 987, 1018, 1020, 1024, 1036, 1040, 1041, 1046, 1047, 1051, 1070, 1140, 1158, 1161, 1168, 1170, 1188, 1199, 1202, 1218, 1219, 1221, 1244, 1254, 1255, 1256, 1274, 1278, 1286, 1292, 1295, 1311, 1340, 1341, 1344, 1346, 1354, 1373, 1403, 1412, 1413, 1416, 1418, 1421, 1422, 1434, 1436, 1447, 1449, 1468, 1470, 1499, 1517, 1520, 1539, 1553, 1564, 1565, 1581, 1583, 1584, 1603, 1609, 1612, 1613, 1623, 1624, 1631, 1635, 1637, 1638, 1639, 1640, 1644, 1645, 1682, 1700, 1716, 1717, 1731, 1744, 1746, 1750, 1752, 1769, 1804, 1805, 1809, 1810, 1811, 1821, 1830, 1833, 1838, 1864, 1872, 1885, 1890, 1891, 1911, 1916, 1917, 1920, 1923, 1929, 1936, 1939, 1940, 1953, 1956, 1970, 1974, 1979, 1984, 1987, 1989, 1992, 1993, 1998, 2000, 2004, 2011, 2017, 2018, 2019, 2020, 2021, 2022, 2024, 2025, 2034, 2046, 2059, 2062, 2063, 2067, 2070, 2078, 2080, 2086, 2087, 2092, 2093, 2095, 2102, 2103, 2104, 2105, 2108, 2109, 2111, 2112, 2113, 2123, 2146, 2149, 2150, 2152, 2154]

good_ranked_features (7), len: 317, features: [13, 22, 23, 24, 29, 30, 31, 46, 49, 53, 55, 58, 59, 73, 91, 96, 98, 100, 105, 106, 122, 123, 133, 136, 139, 147, 167, 181, 192, 195, 197, 198, 199, 203, 219, 225, 239, 240, 244, 246, 255, 260, 272, 281, 282, 285, 289, 294, 305, 319, 320, 325, 329, 332, 334, 335, 336, 340, 344, 345, 348, 379, 380, 411, 417, 437, 439, 442, 443, 453, 454, 456, 459, 491, 501, 505, 513, 514, 515, 516, 535, 537, 541, 542, 551, 560, 567, 580, 586, 587, 609, 610, 616, 625, 631, 632, 634, 635, 642, 643, 679, 685, 715, 718, 736, 745, 760, 786, 787, 808, 810, 813, 824, 896, 917, 927, 928, 929, 945, 947, 952, 955, 956, 962, 973, 974, 978, 985, 987, 1018, 1020, 1024, 1036, 1040, 1041, 1046, 1047, 1051, 1070, 1082, 1128, 1140, 1158, 1161, 1168, 1170, 1188, 1199, 1202, 1206, 1218, 1219, 1221, 1244, 1254, 1255, 1256, 1269, 1270, 1274, 1278, 1286, 1292, 1293, 1295, 1305, 1311, 1340, 1341, 1344, 1346, 1354, 1370, 1373, 1387, 1389, 1390, 1403, 1412, 1413, 1416, 1418, 1421, 1422, 1434, 1436, 1447, 1449, 1468, 1470, 1499, 1502, 1517, 1519, 1520, 1527, 1539, 1546, 1553, 1564, 1565, 1578, 1581, 1583, 1584, 1603, 1606, 1609, 1610, 1612, 1613, 1615, 1621, 1623, 1624, 1631, 1635, 1637, 1638, 1639, 1640, 1644, 1645, 1682, 1683, 1691, 1700, 1716, 1717, 1730, 1731, 1744, 1746, 1750, 1752, 1769, 1804, 1805, 1809, 1810, 1811, 1821, 1829, 1830, 1833, 1838, 1864, 1872, 1874, 1885, 1890, 1891, 1911, 1916, 1917, 1920, 1923, 1929, 1936, 1939, 1940, 1953, 1956, 1970, 1974, 1979, 1984, 1986, 1987, 1989, 1992, 1993, 1998, 2000, 2004, 2006, 2011, 2017, 2018, 2019, 2020, 2021, 2022, 2024, 2025, 2034, 2046, 2055, 2059, 2062, 2063, 2067, 2070, 2078, 2080, 2086, 2087, 2092, 2093, 2095, 2102, 2103, 2104, 2105, 2108, 2109, 2111, 2112, 2113, 2114, 2123, 2146, 2149, 2150, 2152, 2154, 2155]

good_ranked_features (8), len: 367, features: [10, 13, 22, 23, 24, 29, 30, 31, 46, 49, 53, 55, 58, 59, 60, 62, 63, 73, 79, 82, 87, 90, 91, 96, 98, 100, 101, 105, 106, 115, 122, 123, 133, 136, 139, 147, 167, 181, 192, 195, 197, 198, 199, 203, 219, 225, 239, 240, 244, 246, 251, 255, 260, 264, 272, 281, 282, 284, 285, 289, 294, 297, 305, 308, 319, 320, 325, 329, 332, 334, 335, 336, 340, 344, 345, 348, 359, 379, 380, 396, 411, 417, 437, 439, 442, 443, 453, 454, 456, 457, 458, 459, 491, 501, 505, 513, 514, 515, 516, 535, 537, 541, 542, 547, 551, 557, 560, 567, 580, 586, 587, 609, 610, 614, 616, 625, 631, 632, 634, 635, 636, 642, 643, 679, 685, 699, 715, 718, 736, 745, 760, 786, 787, 808, 810, 813, 824, 833, 887, 896, 917, 927, 928, 929, 945, 947, 952, 955, 956, 962, 973, 974, 978, 985, 987, 1018, 1019, 1020, 1024, 1025, 1036, 1040, 1041, 1046, 1047, 1051, 1070, 1075, 1082, 1128, 1140, 1158, 1161, 1168, 1170, 1176, 1188, 1199, 1202, 1206, 1218, 1219, 1220, 1221, 1244, 1254, 1255, 1256, 1269, 1270, 1274, 1278, 1286, 1292, 1293, 1295, 1299, 1305, 1311, 1340, 1341, 1344, 1346, 1349, 1353, 1354, 1364, 1370, 1373, 1387, 1389, 1390, 1403, 1412, 1413, 1416, 1418, 1421, 1422, 1433, 1434, 1436, 1447, 1449, 1468, 1470, 1474, 1495, 1499, 1502, 1517, 1519, 1520, 1527, 1539, 1542, 1543, 1546, 1553, 1564, 1565, 1578, 1581, 1583, 1584, 1603, 1606, 1609, 1610, 1612, 1613, 1615, 1621, 1623, 1624, 1631, 1635, 1637, 1638, 1639, 1640, 1644, 1645, 1682, 1683, 1691, 1700, 1716, 1717, 1730, 1731, 1741, 1744, 1745, 1746, 1750, 1752, 1769, 1785, 1804, 1805, 1809, 1810, 1811, 1821, 1825, 1829, 1830, 1832, 1833, 1838, 1864, 1872, 1874, 1885, 1890, 1891, 1911, 1916, 1917, 1920, 1923, 1929, 1936, 1939, 1940, 1945, 1948, 1953, 1956, 1970, 1974, 1979, 1984, 1986, 1987, 1989, 1992, 1993, 1998, 2000, 2004, 2006, 2011, 2017, 2018, 2019, 2020, 2021, 2022, 2024, 2025, 2034, 2037, 2046, 2055, 2059, 2061, 2062, 2063, 2067, 2070, 2078, 2080, 2086, 2087, 2092, 2093, 2095, 2102, 2103, 2104, 2105, 2108, 2109, 2111, 2112, 2113, 2114, 2123, 2144, 2146, 2149, 2150, 2152, 2154, 2155]

good_ranked_features (9), len: 417, features: [2, 10, 13, 22, 23, 24, 29, 30, 31, 46, 49, 53, 55, 58, 59, 60, 62, 63, 73, 79, 82, 87, 90, 91, 96, 98, 100, 101, 105, 106, 115, 122, 123, 133, 136, 139, 147, 148, 167, 181, 192, 195, 197, 198, 199, 203, 210, 219, 225, 238, 239, 240, 244, 246, 251, 255, 260, 264, 272, 281, 282, 284, 285, 286, 289, 294, 297, 305, 308, 319, 320, 325, 329, 332, 334, 335, 336, 340, 344, 345, 348, 359, 379, 380, 396, 411, 417, 432, 437, 439, 442, 443, 453, 454, 456, 457, 458, 459, 491, 501, 502, 505, 513, 514, 515, 516, 526, 530, 534, 535, 537, 541, 542, 547, 551, 557, 560, 567, 568, 580, 586, 587, 609, 610, 614, 616, 625, 631, 632, 634, 635, 636, 642, 643, 657, 679, 685, 687, 699, 715, 718, 736, 745, 760, 784, 786, 787, 807, 808, 810, 813, 814, 824, 833, 871, 887, 893, 896, 917, 926, 927, 928, 929, 937, 945, 947, 948, 952, 955, 956, 962, 973, 974, 978, 985, 987, 1003, 1018, 1019, 1020, 1024, 1025, 1036, 1040, 1041, 1046, 1047, 1051, 1070, 1075, 1082, 1128, 1140, 1158, 1161, 1168, 1170, 1176, 1188, 1199, 1201, 1202, 1206, 1217, 1218, 1219, 1220, 1221, 1244, 1254, 1255, 1256, 1269, 1270, 1274, 1278, 1286, 1292, 1293, 1295, 1296, 1299, 1300, 1305, 1311, 1321, 1340, 1341, 1344, 1346, 1349, 1353, 1354, 1363, 1364, 1370, 1373, 1387, 1389, 1390, 1403, 1412, 1413, 1416, 1418, 1421, 1422, 1433, 1434, 1436, 1447, 1449, 1464, 1468, 1470, 1471, 1472, 1474, 1475, 1495, 1499, 1502, 1517, 1519, 1520, 1527, 1539, 1542, 1543, 1546, 1553, 1564, 1565, 1574, 1578, 1581, 1583, 1584, 1603, 1605, 1606, 1609, 1610, 1611, 1612, 1613, 1615, 1621, 1623, 1624, 1631, 1632, 1635, 1637, 1638, 1639, 1640, 1644, 1645, 1682, 1683, 1688, 1691, 1700, 1702, 1716, 1717, 1730, 1731, 1741, 1744, 1745, 1746, 1750, 1752, 1769, 1785, 1804, 1805, 1809, 1810, 1811, 1821, 1825, 1829, 1830, 1832, 1833, 1838, 1864, 1872, 1874, 1879, 1885, 1890, 1891, 1911, 1916, 1917, 1920, 1923, 1929, 1936, 1939, 1940, 1945, 1948, 1953, 1955, 1956, 1969, 1970, 1971, 1974, 1979, 1984, 1986, 1987, 1989, 1992, 1993, 1998, 2000, 2004, 2006, 2009, 2010, 2011, 2013, 2016, 2017, 2018, 2019, 2020, 2021, 2022, 2024, 2025, 2034, 2037, 2046, 2055, 2059, 2061, 2062, 2063, 2066, 2067, 2070, 2073, 2078, 2080, 2086, 2087, 2092, 2093, 2095, 2102, 2103, 2104, 2105, 2106, 2108, 2109, 2111, 2112, 2113, 2114, 2123, 2144, 2146, 2149, 2150, 2152, 2154, 2155, 2165]

good_ranked_features (10), len: 467, features: [2, 10, 13, 22, 23, 24, 29, 30, 31, 46, 49, 53, 55, 58, 59, 60, 62, 63, 68, 73, 79, 82, 87, 90, 91, 96, 98, 100, 101, 105, 106, 112, 115, 122, 123, 124, 128, 132, 133, 136, 139, 147, 148, 167, 178, 181, 192, 195, 197, 198, 199, 203, 210, 219, 225, 238, 239, 240, 244, 246, 250, 251, 255, 257, 260, 264, 272, 281, 282, 284, 285, 286, 289, 294, 297, 305, 308, 314, 319, 320, 325, 329, 332, 334, 335, 336, 340, 344, 345, 348, 359, 379, 380, 381, 396, 411, 417, 430, 432, 437, 439, 442, 443, 453, 454, 456, 457, 458, 459, 465, 489, 491, 499, 501, 502, 505, 513, 514, 515, 516, 523, 526, 530, 534, 535, 537, 541, 542, 547, 551, 557, 560, 567, 568, 578, 580, 586, 587, 609, 610, 614, 616, 625, 631, 632, 634, 635, 636, 642, 643, 657, 679, 685, 687, 699, 710, 715, 718, 736, 745, 756, 758, 760, 784, 786, 787, 807, 808, 810, 813, 814, 824, 833, 871, 887, 893, 896, 917, 926, 927, 928, 929, 930, 937, 945, 947, 948, 952, 955, 956, 962, 973, 974, 978, 983, 985, 987, 1003, 1011, 1018, 1019, 1020, 1024, 1025, 1035, 1036, 1040, 1041, 1046, 1047, 1051, 1070, 1075, 1082, 1128, 1140, 1158, 1161, 1168, 1170, 1174, 1176, 1188, 1199, 1201, 1202, 1206, 1217, 1218, 1219, 1220, 1221, 1244, 1254, 1255, 1256, 1269, 1270, 1274, 1278, 1286, 1292, 1293, 1295, 1296, 1299, 1300, 1305, 1311, 1321, 1340, 1341, 1344, 1346, 1349, 1353, 1354, 1362, 1363, 1364, 1370, 1373, 1387, 1389, 1390, 1403, 1412, 1413, 1416, 1418, 1421, 1422, 1433, 1434, 1436, 1441, 1447, 1449, 1464, 1467, 1468, 1470, 1471, 1472, 1474, 1475, 1477, 1495, 1499, 1500, 1502, 1507, 1517, 1519, 1520, 1527, 1529, 1539, 1542, 1543, 1546, 1553, 1564, 1565, 1574, 1578, 1581, 1583, 1584, 1594, 1596, 1603, 1605, 1606, 1609, 1610, 1611, 1612, 1613, 1615, 1621, 1623, 1624, 1625, 1631, 1632, 1635, 1637, 1638, 1639, 1640, 1644, 1645, 1682, 1683, 1688, 1691, 1695, 1700, 1702, 1716, 1717, 1724, 1730, 1731, 1741, 1744, 1745, 1746, 1750, 1752, 1769, 1773, 1783, 1785, 1790, 1804, 1805, 1809, 1810, 1811, 1821, 1825, 1829, 1830, 1832, 1833, 1838, 1864, 1872, 1874, 1879, 1880, 1885, 1890, 1891, 1905, 1911, 1912, 1916, 1917, 1920, 1923, 1924, 1926, 1929, 1936, 1939, 1940, 1945, 1948, 1953, 1955, 1956, 1969, 1970, 1971, 1974, 1979, 1984, 1986, 1987, 1989, 1992, 1993, 1998, 2000, 2001, 2003, 2004, 2006, 2009, 2010, 2011, 2013, 2016, 2017, 2018, 2019, 2020, 2021, 2022, 2024, 2025, 2034, 2037, 2046, 2055, 2059, 2061, 2062, 2063, 2066, 2067, 2070, 2073, 2078, 2079, 2080, 2086, 2087, 2092, 2093, 2095, 2102, 2103, 2104, 2105, 2106, 2108, 2109, 2111, 2112, 2113, 2114, 2123, 2143, 2144, 2146, 2147, 2149, 2150, 2152, 2154, 2155, 2156, 2165]

Elapsed time (secs): 3619.7349999